0.221326820409501
0.221326820409501
0.221326820409501
0.221326820409501
0.221326820409501
0.221326820409501
0.221326820409501
0.221326820409501
0.966854727801218
0.966854727801218
0.966854727801218
0.966854727801218
0.966854727801218
0.966854727801218
0.966854727801218
0.966854727801218
1.17214502114097
1.17214502114097
1.17214502114097
1.17214502114097
1.17214502114097
1.17214502114097
1.17214502114097
1.17214502114097
0.999268984644336
0.999268984644336
0.999268984644336
0.999268984644336
0.999268984644336
0.999268984644336
0.999268984644336
0.999268984644336
1.16134026885993
1.16134026885993
1.16134026885993
1.16134026885993
1.16134026885993
1.16134026885993
1.16134026885993
1.16134026885993
-0.62144385751157
-0.62144385751157
-0.62144385751157
-0.62144385751157
-0.62144385751157
-0.62144385751157
-0.62144385751157
-0.62144385751157
-0.610639105230531
-0.610639105230531
-0.610639105230531
-0.610639105230531
-0.610639105230531
-0.610639105230531
-0.610639105230531
-0.610639105230531
1.07490225061161
1.07490225061161
1.07490225061161
1.07490225061161
1.07490225061161
1.07490225061161
1.07490225061161
1.07490225061161
-1.05363394875314
-1.05363394875314
-1.05363394875314
-1.05363394875314
-1.05363394875314
-1.05363394875314
-1.05363394875314
-0.772710389446121
-0.772710389446121
-0.772710389446121
-0.772710389446121
-0.772710389446121
-0.772710389446121
-0.772710389446121
-0.772710389446121
-1.33455750806017
-1.33455750806017
-1.33455750806017
-1.33455750806017
-1.33455750806017
-1.33455750806017
-1.33455750806017
-1.33455750806017
-1.33455750806017
-1.33455750806017
-1.33455750806017
-1.33455750806017
-1.33455750806017
-1.33455750806017
-1.33455750806017
-1.33455750806017
